000000000000011110000000
000000000000011110000000
000000000000011110000000
000000000000011110000000
000000000000011110000000
000000000000011110000000
000000000000011110000000
000000000000011110000000
000000000000011000101100
000000000000001100011111
111111111111111111111110
111111111111110011011101
111111111111100111001111
111111111111100010000000
111111111111100010000000
111111111111100010000000
111111111111100010000000
111111111111100010000000
111111111111100010000000
111111111111100010000000
111111111111100010000000
111111111111100010000000
111111111111100010000000
111111111111100010000000
111111111111100010000000
111111111111100010000000
111111111111100010000000
111111111111100010000000
111111111111100111011000
111111111111110011100101
000000000000000000000111
000000000000001100101000
000000000000011000110101
000000000000011110000000
000000000000011110000000
000000000000011110000000
000000000000011110000000
000000000000011110000000
000000000000011110000000
000000000000011110000000
000000000000011110000000
000000000000011110000000
000000000000011110000000
000000000000011110000000
000000000000011110000000
000000000000011110000000
000000000000011110000000
000000000000011110000000
000000000000011000100100
000000000000001100010110
111111111111111111110101
111111111111110011010100
111111111111100111000111
111111111111100010000000
111111111111100010000000
111111111111100010000000
111111111111100010000000
111111111111100010000000
111111111111100010000000
111111111111100010000000
111111111111100010000000
111111111111100010000000
111111111111100010000000
111111111111100010000000
111111111111100010000000
111111111111100010000000
111111111111100010000000
111111111111100010000000
111111111111100111100000
111111111111110011101110
000000000000000000001111
000000000000001100110000
000000000000011000111101
000000000000011110000000
000000000000011110000000
000000000000011110000000
000000000000011110000000
000000000000011110000000
000000000000011110000000
000000000000011110000000
000000000000011110000000
000000000000011110000000
000000000000011110000000
000000000000011110000000
000000000000011110000000
000000000000011110000000
000000000000011110000000
000000000000011110000000
000000000000011000011100
000000000000001100001110
111111111111111111101100
111111111111110011001011
111111111111100110111111
111111111111100010000000
111111111111100010000000
111111111111100010000000
111111111111100010000000
111111111111100010000000
111111111111100010000000
111111111111100010000000
111111111111100010000000
111111111111100010000000
111111111111100010000000
111111111111100010000000
111111111111100010000000
111111111111100010000000
111111111111100010000000
111111111111100010000000
111111111111100111101000
111111111111110011110111
000000000000000000011000
000000000000001100111001
000000000000011001000110
000000000000011110000000
000000000000011110000000
000000000000011110000000
000000000000011110000000
000000000000011110000000
000000000000011110000000
000000000000011110000000
000000000000011110000000
000000000000011110000000
000000000000011110000000
000000000000011110000000
000000000000011110000000
000000000000011110000000
000000000000011110000000
000000000000011110000000
000000000000011000010011
000000000000001100000101
111111111111111111100011
111111111111110011000011
111111111111100110110110
111111111111100010000000
111111111111100010000000
111111111111100010000000
111111111111100010000000
111111111111100010000000
111111111111100010000000
111111111111100010000000
111111111111100010000000
111111111111100010000000
111111111111100010000000
111111111111100010000000
111111111111100010000000
111111111111100010000000
111111111111100010000000
111111111111100010000000
111111111111100111110001
111111111111110011111111
000000000000000000100001
000000000000001101000010
000000000000011001001110
000000000000011110000000
000000000000011110000000
000000000000011110000000
000000000000011110000000
000000000000011110000000
000000000000011110000000
000000000000011110000000
000000000000011110000000
000000000000011110000000
000000000000011110000000
000000000000011110000000
000000000000011110000000
000000000000011110000000
000000000000011110000000
000000000000011110000000
000000000000011000001011
000000000000001011111100
111111111111111111011011
111111111111110010111010
111111111111100110101110
111111111111100010000000
111111111111100010000000
111111111111100010000000
111111111111100010000000
111111111111100010000000
111111111111100010000000
111111111111100010000000
111111111111100010000000
111111111111100010000000
111111111111100010000000
111111111111100010000000
111111111111100010000000
111111111111100010000000
111111111111100010000000
111111111111100010000000
111111111111100111111001
111111111111110100001000
000000000000000000101010
000000000000001101001010
000000000000011001010110
000000000000011110000000
000000000000011110000000
000000000000011110000000
000000000000011110000000
000000000000011110000000
000000000000011110000000
000000000000011110000000
000000000000011110000000
000000000000011110000000
000000000000011110000000
000000000000011110000000
000000000000011110000000
000000000000011110000000
000000000000011110000000
000000000000011110000000
000000000000011000000011
000000000000001011110011
111111111111111111010010
111111111111110010110001
111111111111100110100110
111111111111100010000000
111111111111100010000000
111111111111100010000000
111111111111100010000000
111111111111100010000000
111111111111100010000000
111111111111100010000000
111111111111100010000000
111111111111100010000000
111111111111100010000000
111111111111100010000000
111111111111100010000000
111111111111100010000000
111111111111100010000000
111111111111100010000000
111111111111101000000010
111111111111110100010001
000000000000000000110011
000000000000001101010011
000000000000011001011111
000000000000011110000000
000000000000011110000000
000000000000011110000000
000000000000011110000000
000000000000011110000000
000000000000011110000000
000000000000011110000000
000000000000011110000000
000000000000011110000000
000000000000011110000000
000000000000011110000000
000000000000011110000000
000000000000011110000000
000000000000011110000000
000000000000011110000000
000000000000010111111010
000000000000001011101011
111111111111111111001001
111111111111110010101001
111111111111100110011101
111111111111100010000000
111111111111100010000000
111111111111100010000000
111111111111100010000000
111111111111100010000000
111111111111100010000000
111111111111100010000000
111111111111100010000000
111111111111100010000000
111111111111100010000000
111111111111100010000000
111111111111100010000000
111111111111100010000000
111111111111100010000000
111111111111100010000000
111111111111101000001010
111111111111110100011010
000000000000000000111011
000000000000001101011100
000000000000011001100111
000000000000011110000000
000000000000011110000000
000000000000011110000000
000000000000011110000000
000000000000011110000000
000000000000011110000000
000000000000011110000000
000000000000011110000000
000000000000011110000000
000000000000011110000000
000000000000011110000000
000000000000011110000000
000000000000011110000000
000000000000011110000000
000000000000011110000000
000000000000010111110010
000000000000001011100010
111111111111111111000000
111111111111110010100000
111111111111100110010101
111111111111100010000000
111111111111100010000000
111111111111100010000000
111111111111100010000000
111111111111100010000000
111111111111100010000000
111111111111100010000000
111111111111100010000000
111111111111100010000000
111111111111100010000000
111111111111100010000000
111111111111100010000000
111111111111100010000000
111111111111100010000000
111111111111100010000000
111111111111101000010010
111111111111110100100010
000000000000000001000100
000000000000001101100100
000000000000011001101111
000000000000011110000000
000000000000011110000000
000000000000011110000000
000000000000011110000000
000000000000011110000000
000000000000011110000000
000000000000011110000000
000000000000011110000000
000000000000011110000000
000000000000011110000000
000000000000011110000000
000000000000011110000000
000000000000011110000000
000000000000011110000000
000000000000011110000000
000000000000010111101001
000000000000001011011001
111111111111111110110111
111111111111110010010111
111111111111100110001101
111111111111100010000000
111111111111100010000000
111111111111100010000000
111111111111100010000000
111111111111100010000000
111111111111100010000000
111111111111100010000000
111111111111100010000000
111111111111100010000000
111111111111100010000000
111111111111100010000000
111111111111100010000000
111111111111100010000000
111111111111100010000000
111111111111100010000000
111111111111101000011011
111111111111110100101011
000000000000000001001101
000000000000001101101101
000000000000011001111000
000000000000011110000000
000000000000011110000000
000000000000011110000000
000000000000011110000000
000000000000011110000000
000000000000011110000000
000000000000011110000000
000000000000011110000000
000000000000011110000000
000000000000011110000000
000000000000011110000000
000000000000011110000000
000000000000011110000000
000000000000011110000000
000000000000011110000000
000000000000010111100001
000000000000001011010001
111111111111111110101111
111111111111110010001111
111111111111100110000100
111111111111100010000000
111111111111100010000000
111111111111100010000000
111111111111100010000000
111111111111100010000000
111111111111100010000000
111111111111100010000000
111111111111100010000000
111111111111100010000000
111111111111100010000000
111111111111100010000000
111111111111100010000000
111111111111100010000000
111111111111100010000000
111111111111100010000000
111111111111101000100011
111111111111110100110100
000000000000000001010110
000000000000001101110110
000000000000011010000000
000000000000011110000000
000000000000011110000000
000000000000011110000000
000000000000011110000000
000000000000011110000000
000000000000011110000000
000000000000011110000000
000000000000011110000000
000000000000011110000000
000000000000011110000000
000000000000011110000000
000000000000011110000000
000000000000011110000000
000000000000011110000000
000000000000011110000000
000000000000010111011001
000000000000001011001000
111111111111111110100110
111111111111110010000110
111111111111100101111100
111111111111100010000000
111111111111100010000000
111111111111100010000000
111111111111100010000000
111111111111100010000000
111111111111100010000000
111111111111100010000000
111111111111100010000000
111111111111100010000000
111111111111100010000000
111111111111100010000000
111111111111100010000000
111111111111100010000000
111111111111100010000000
111111111111100010000000
111111111111101000101100
111111111111110100111100
000000000000000001011111
000000000000001101111110
000000000000011010001000
000000000000011110000000
000000000000011110000000
000000000000011110000000
000000000000011110000000
000000000000011110000000
000000000000011110000000
000000000000011110000000
000000000000011110000000
000000000000011110000000
000000000000011110000000
000000000000011110000000
000000000000011110000000
000000000000011110000000
000000000000011110000000
000000000000011110000000
000000000000010111010000
000000000000001010111111
111111111111111110011101
111111111111110001111101
111111111111100101110100
111111111111100010000000
111111111111100010000000
111111111111100010000000
111111111111100010000000
111111111111100010000000
111111111111100010000000
111111111111100010000000
111111111111100010000000
111111111111100010000000
111111111111100010000000
111111111111100010000000
111111111111100010000000
111111111111100010000000
111111111111100010000000
111111111111100010000000
111111111111101000110100
111111111111110101000101
000000000000000001100111
000000000000001110000111
000000000000011010010001
000000000000011110000000
000000000000011110000000
000000000000011110000000
000000000000011110000000
000000000000011110000000
000000000000011110000000
000000000000011110000000
000000000000011110000000
000000000000011110000000
000000000000011110000000
000000000000011110000000
000000000000011110000000
000000000000011110000000
000000000000011110000000
000000000000011110000000
000000000000010111001000
000000000000001010110110
111111111111111110010100
111111111111110001110101
111111111111100101101011
111111111111100010000000
111111111111100010000000
111111111111100010000000
111111111111100010000000
111111111111100010000000
111111111111100010000000
111111111111100010000000
111111111111100010000000
111111111111100010000000
111111111111100010000000
111111111111100010000000
111111111111100010000000
111111111111100010000000
111111111111100010000000
111111111111100010000000
111111111111101000111101
111111111111110101001110
000000000000000001110000
000000000000001110010000
000000000000011010011001
000000000000011110000000
000000000000011110000000
000000000000011110000000
000000000000011110000000
000000000000011110000000
000000000000011110000000
000000000000011110000000
000000000000011110000000
000000000000011110000000
000000000000011110000000
000000000000011110000000
000000000000011110000000
000000000000011110000000
000000000000011110000000
000000000000011110000000
000000000000010110111111
000000000000001010101110
111111111111111110001011
111111111111110001101100
111111111111100101100011
111111111111100010000000
111111111111100010000000
111111111111100010000000
111111111111100010000000
111111111111100010000000
111111111111100010000000
111111111111100010000000
111111111111100010000000
111111111111100010000000
111111111111100010000000
111111111111100010000000
111111111111100010000000
111111111111100010000000
111111111111100010000000
111111111111100010000000
111111111111101001000101
111111111111110101010111
000000000000000001111001
000000000000001110011000
000000000000011010100001
000000000000011110000000
000000000000011110000000
000000000000011110000000
000000000000011110000000
000000000000011110000000
000000000000011110000000
000000000000011110000000
000000000000011110000000
000000000000011110000000
000000000000011110000000
000000000000011110000000
000000000000011110000000
000000000000011110000000
000000000000011110000000
000000000000011110000000
000000000000010110110111
000000000000001010100101
111111111111111110000011
111111111111110001100011
111111111111100101011011
111111111111100010000000
111111111111100010000000
111111111111100010000000
111111111111100010000000
111111111111100010000000
111111111111100010000000
111111111111100010000000
111111111111100010000000
111111111111100010000000
111111111111100010000000
111111111111100010000000
111111111111100010000000
111111111111100010000000
111111111111100010000000
111111111111100010000000
111111111111101001001101
111111111111110101011111
000000000000000010000010
000000000000001110100001
000000000000011010101010
000000000000011110000000
000000000000011110000000
000000000000011110000000
000000000000011110000000
000000000000011110000000
000000000000011110000000
000000000000011110000000
000000000000011110000000
000000000000011110000000
000000000000011110000000
000000000000011110000000
000000000000011110000000
000000000000011110000000
000000000000011110000000
000000000000011110000000
000000000000010110101110
000000000000001010011100
111111111111111101111010
111111111111110001011011
111111111111100101010010
111111111111100010000000
111111111111100010000000
111111111111100010000000
111111111111100010000000
111111111111100010000000
111111111111100010000000
111111111111100010000000
111111111111100010000000
111111111111100010000000
111111111111100010000000
111111111111100010000000
111111111111100010000000
111111111111100010000000
111111111111100010000000
111111111111100010000000
111111111111101001010110
111111111111110101101000
000000000000000010001011
000000000000001110101010
000000000000011010110010
000000000000011110000000
000000000000011110000000
000000000000011110000000
000000000000011110000000
000000000000011110000000
000000000000011110000000
000000000000011110000000
000000000000011110000000
000000000000011110000000
000000000000011110000000
000000000000011110000000
000000000000011110000000
000000000000011110000000
000000000000011110000000
000000000000011110000000
000000000000010110100110
000000000000001010010100
111111111111111101110001
111111111111110001010010
111111111111100101001010
111111111111100010000000
111111111111100010000000
111111111111100010000000
111111111111100010000000
111111111111100010000000
111111111111100010000000
111111111111100010000000
111111111111100010000000
111111111111100010000000
111111111111100010000000
111111111111100010000000
111111111111100010000000
111111111111100010000000
111111111111100010000000
111111111111100010000000
111111111111101001011110
111111111111110101110001
000000000000000010010011
000000000000001110110010
000000000000011010111010
000000000000011110000000
000000000000011110000000
000000000000011110000000
000000000000011110000000
000000000000011110000000
000000000000011110000000
000000000000011110000000
000000000000011110000000
000000000000011110000000
000000000000011110000000
000000000000011110000000
000000000000011110000000
000000000000011110000000
000000000000011110000000
000000000000011110000000
000000000000010110011110
000000000000001010001011
111111111111111101101000
111111111111110001001001
111111111111100101000010
111111111111100010000000
111111111111100010000000
111111111111100010000000
111111111111100010000000
111111111111100010000000
111111111111100010000000
111111111111100010000000
111111111111100010000000
111111111111100010000000
111111111111100010000000
111111111111100010000000
111111111111100010000000
111111111111100010000000
111111111111100010000000
111111111111100010000000
111111111111101001100111
111111111111110101111001
000000000000000010011100
000000000000001110111011
000000000000011011000010
000000000000011110000000
000000000000011110000000
000000000000011110000000
000000000000011110000000
000000000000011110000000
000000000000011110000000
000000000000011110000000
000000000000011110000000
000000000000011110000000
000000000000011110000000
000000000000011110000000
000000000000011110000000
000000000000011110000000
000000000000011110000000
000000000000011110000000
000000000000010110010101
000000000000001010000010
111111111111111101011111
111111111111110001000001
111111111111100100111001
111111111111100010000000
111111111111100010000000
111111111111100010000000
111111111111100010000000
111111111111100010000000
111111111111100010000000
111111111111100010000000
111111111111100010000000
111111111111100010000000
111111111111100010000000
111111111111100010000000
111111111111100010000000
111111111111100010000000
111111111111100010000000
111111111111100010000000
111111111111101001101111
111111111111110110000010
000000000000000010100101
000000000000001111000100
000000000000011011001011
000000000000011110000000
000000000000011110000000
000000000000011110000000
000000000000011110000000
000000000000011110000000
000000000000011110000000
000000000000011110000000
000000000000011110000000
000000000000011110000000
000000000000011110000000
000000000000011110000000
000000000000011110000000
000000000000011110000000
000000000000011110000000
000000000000011110000000
000000000000010110001101
000000000000001001111001
111111111111111101010111
111111111111110000111000
111111111111100100110001
111111111111100010000000
111111111111100010000000
111111111111100010000000
111111111111100010000000
111111111111100010000000
111111111111100010000000
111111111111100010000000
111111111111100010000000
111111111111100010000000
111111111111100010000000
111111111111100010000000
111111111111100010000000
111111111111100010000000
111111111111100010000000
111111111111100010000000
111111111111101001111000
111111111111110110001011
000000000000000010101110
000000000000001111001100
000000000000011011010011
000000000000011110000000
000000000000011110000000
000000000000011110000000
000000000000011110000000
000000000000011110000000
000000000000011110000000
000000000000011110000000
000000000000011110000000
000000000000011110000000
000000000000011110000000
000000000000011110000000
000000000000011110000000
000000000000011110000000
000000000000011110000000
000000000000011110000000
000000000000010110000100
000000000000001001110001
111111111111111101001110
111111111111110000101111
111111111111100100101001
111111111111100010000000
111111111111100010000000
111111111111100010000000
111111111111100010000000
111111111111100010000000
111111111111100010000000
111111111111100010000000
111111111111100010000000
111111111111100010000000
111111111111100010000000
111111111111100010000000
111111111111100010000000
111111111111100010000000
111111111111100010000000
111111111111100010000000
111111111111101010000000
111111111111110110010100
000000000000000010110111
000000000000001111010101
000000000000011011011011
000000000000011110000000
000000000000011110000000
000000000000011110000000
000000000000011110000000
000000000000011110000000
000000000000011110000000
000000000000011110000000
000000000000011110000000
000000000000011110000000
000000000000011110000000
000000000000011110000000
000000000000011110000000
000000000000011110000000
000000000000011110000000
000000000000011110000000
000000000000010101111100
000000000000001001101000
111111111111111101000101
111111111111110000100111
111111111111100100100001
111111111111100010000000
111111111111100010000000
111111111111100010000000
111111111111100010000000
111111111111100010000000
111111111111100010000000
111111111111100010000000
111111111111100010000000
111111111111100010000000
111111111111100010000000
111111111111100010000000
111111111111100010000000
111111111111100010000000
111111111111100010000000
111111111111100010000000
111111111111101010001001
111111111111110110011100
000000000000000010111111
000000000000001111011110
000000000000011011100011
000000000000011110000000
000000000000011110000000
000000000000011110000000
000000000000011110000000
000000000000011110000000
000000000000011110000000
000000000000011110000000
000000000000011110000000
000000000000011110000000
000000000000011110000000
000000000000011110000000
000000000000011110000000
000000000000011110000000
000000000000011110000000
000000000000011110000000
000000000000010101110011
000000000000001001011111
111111111111111100111100
111111111111110000011110
111111111111100100011000
111111111111100010000000
111111111111100010000000
111111111111100010000000
111111111111100010000000
111111111111100010000000
111111111111100010000000
111111111111100010000000
111111111111100010000000
111111111111100010000000
111111111111100010000000
111111111111100010000000
111111111111100010000000
111111111111100010000000
111111111111100010000000
111111111111100010000000
111111111111101010010001
111111111111110110100101
000000000000000011001000
000000000000001111100110
000000000000011011101100
000000000000011110000000
000000000000011110000000
000000000000011110000000
000000000000011110000000
000000000000011110000000
000000000000011110000000
000000000000011110000000
000000000000011110000000
000000000000011110000000
000000000000011110000000
000000000000011110000000
000000000000011110000000
000000000000011110000000
000000000000011110000000
000000000000011110000000
000000000000010101101011
000000000000001001010110
111111111111111100110011
111111111111110000010101
111111111111100100010000
111111111111100010000000
111111111111100010000000
111111111111100010000000
111111111111100010000000
111111111111100010000000
111111111111100010000000
111111111111100010000000
111111111111100010000000
111111111111100010000000
111111111111100010000000
111111111111100010000000
111111111111100010000000
111111111111100010000000
111111111111100010000000
111111111111100010000000
111111111111101010011001
111111111111110110101110
000000000000000011010001
000000000000001111101111
000000000000011011110100
000000000000011110000000
000000000000011110000000
000000000000011110000000
000000000000011110000000
000000000000011110000000
000000000000011110000000
000000000000011110000000
000000000000011110000000
000000000000011110000000
000000000000011110000000
000000000000011110000000
000000000000011110000000
000000000000011110000000
000000000000011110000000
000000000000011110000000
000000000000010101100010
000000000000001001001110
111111111111111100101011
111111111111110000001101
111111111111100100001000
111111111111100010000000
111111111111100010000000
111111111111100010000000
111111111111100010000000
111111111111100010000000
111111111111100010000000
111111111111100010000000
111111111111100010000000
111111111111100010000000
111111111111100010000000
111111111111100010000000
111111111111100010000000
111111111111100010000000
111111111111100010000000
111111111111100010000000
111111111111101010100010
111111111111110110110111
000000000000000011011010
000000000000001111111000
000000000000011011111100
000000000000011110000000
000000000000011110000000
000000000000011110000000
000000000000011110000000
000000000000011110000000
000000000000011110000000
000000000000011110000000
000000000000011110000000
000000000000011110000000
000000000000011110000000
000000000000011110000000
000000000000011110000000
000000000000011110000000
000000000000011110000000
000000000000011110000000
000000000000010101011010
000000000000001001000101
111111111111111100100010
111111111111110000000100
111111111111100100000000
111111111111100010000000
111111111111100010000000
111111111111100010000000
111111111111100010000000
111111111111100010000000
111111111111100010000000
111111111111100010000000
111111111111100010000000
111111111111100010000000
111111111111100010000000
111111111111100010000000
111111111111100010000000
111111111111100010000000
111111111111100010000000
111111111111100010000000
111111111111101010101010
111111111111110110111111
000000000000000011100011
000000000000010000000000
000000000000011100000101
000000000000011110000000
000000000000011110000000
000000000000011110000000
000000000000011110000000
000000000000011110000000
000000000000011110000000
000000000000011110000000
000000000000011110000000
000000000000011110000000
000000000000011110000000
000000000000011110000000
000000000000011110000000
000000000000011110000000
000000000000011110000000
000000000000011110000000
000000000000010101010001
000000000000001000111100
111111111111111100011001
111111111111101111111100
111111111111100011110111
111111111111100010000000
111111111111100010000000
111111111111100010000000
111111111111100010000000
111111111111100010000000
111111111111100010000000
111111111111100010000000
111111111111100010000000
111111111111100010000000
111111111111100010000000
111111111111100010000000
111111111111100010000000
111111111111100010000000
111111111111100010000000
111111111111100010000000
111111111111101010110011
111111111111110111001000
000000000000000011101011
000000000000010000001001
000000000000011100001101
000000000000011110000000
000000000000011110000000
000000000000011110000000
000000000000011110000000
000000000000011110000000
000000000000011110000000
000000000000011110000000
000000000000011110000000
000000000000011110000000
000000000000011110000000
000000000000011110000000
000000000000011110000000
000000000000011110000000
000000000000011110000000
000000000000011110000000
000000000000010101001001
000000000000001000110011
111111111111111100010000
111111111111101111110011
111111111111100011101111
111111111111100010000000
111111111111100010000000
111111111111100010000000
111111111111100010000000
111111111111100010000000
111111111111100010000000
111111111111100010000000
111111111111100010000000
111111111111100010000000
111111111111100010000000
111111111111100010000000
111111111111100010000000
111111111111100010000000
111111111111100010000000
111111111111100010000000
111111111111101010111011
111111111111110111010001
000000000000000011110100
000000000000010000010001
000000000000011100010101
000000000000011110000000
000000000000011110000000
000000000000011110000000
000000000000011110000000
000000000000011110000000
000000000000011110000000
000000000000011110000000
000000000000011110000000
000000000000011110000000
000000000000011110000000
000000000000011110000000
000000000000011110000000
000000000000011110000000
000000000000011110000000
000000000000011110000000
000000000000010101000000
000000000000001000101011
111111111111111100000111
111111111111101111101010
111111111111100011100111
111111111111100010000000
111111111111100010000000
111111111111100010000000
111111111111100010000000
111111111111100010000000
111111111111100010000000
111111111111100010000000
111111111111100010000000
111111111111100010000000
111111111111100010000000
111111111111100010000000
111111111111100010000000
111111111111100010000000
111111111111100010000000
111111111111100010000000
111111111111101011000100
111111111111110111011010
000000000000000011111101
000000000000010000011010
000000000000011100011101
000000000000011110000000
000000000000011110000000
000000000000011110000000
000000000000011110000000
000000000000011110000000
000000000000011110000000
000000000000011110000000
000000000000011110000000
000000000000011110000000
000000000000011110000000
000000000000011110000000
000000000000011110000000
000000000000011110000000
000000000000011110000000
000000000000011110000000
000000000000010100111000
000000000000001000100010
111111111111111011111111
111111111111101111100010
111111111111100011011111
111111111111100010000000
111111111111100010000000
111111111111100010000000
111111111111100010000000
111111111111100010000000
111111111111100010000000
111111111111100010000000
111111111111100010000000
111111111111100010000000
111111111111100010000000
111111111111100010000000
111111111111100010000000
111111111111100010000000
111111111111100010000000
111111111111100010000000
111111111111101011001100
111111111111110111100010
000000000000000100000110
000000000000010000100011
000000000000011100100101
000000000000011110000000
000000000000011110000000
000000000000011110000000
000000000000011110000000
000000000000011110000000
000000000000011110000000
000000000000011110000000
000000000000011110000000
000000000000011110000000
000000000000011110000000
000000000000011110000000
000000000000011110000000
000000000000011110000000
000000000000011110000000
000000000000011110000000
000000000000010100101111
000000000000001000011001
111111111111111011110110
111111111111101111011001
111111111111100011010110
111111111111100010000000
111111111111100010000000
111111111111100010000000
111111111111100010000000
111111111111100010000000
111111111111100010000000
111111111111100010000000
111111111111100010000000
111111111111100010000000
111111111111100010000000
111111111111100010000000
111111111111100010000000
111111111111100010000000
111111111111100010000000
111111111111100010000000
111111111111101011010101
111111111111110111101011
000000000000000100001111
000000000000010000101011
000000000000011100101110
000000000000011110000000
000000000000011110000000
000000000000011110000000
000000000000011110000000
000000000000011110000000
000000000000011110000000
000000000000011110000000
000000000000011110000000
000000000000011110000000
000000000000011110000000
000000000000011110000000
000000000000011110000000
000000000000011110000000
000000000000011110000000
000000000000011110000000
000000000000010100100111
000000000000001000010000
111111111111111011101101
111111111111101111010000
111111111111100011001110
111111111111100010000000
111111111111100010000000
111111111111100010000000
111111111111100010000000
111111111111100010000000
111111111111100010000000
111111111111100010000000
111111111111100010000000
111111111111100010000000
111111111111100010000000
111111111111100010000000
111111111111100010000000
111111111111100010000000
111111111111100010000000
111111111111100010000000
111111111111101011011101
111111111111110111110100
000000000000000100010111
000000000000010000110100
000000000000011100110110
000000000000011110000000
000000000000011110000000
000000000000011110000000
000000000000011110000000
000000000000011110000000
000000000000011110000000
000000000000011110000000
000000000000011110000000
000000000000011110000000
